  
  
#r(i) [cm] v(i) [cm/s]
  
1.0000000000E+0010  -2.8926156823E-0002
1.0000906805E+0010  -5.8346310285E-0002
1.0001815529E+0010  -8.7611956539E-0002
1.0002726187E+0010  -1.1681673993E-0001
1.0003638791E+0010  -1.4604431065E-0001
1.0004553359E+0010  -1.7507641310E-0001
1.0005469904E+0010  -2.0399626678E-0001
1.0006388443E+0010  -2.3273340505E-0001
1.0007308989E+0010  -2.6114184066E-0001
1.0008231559E+0010  -2.8920869768E-0001
1.0009156169E+0010  -3.1663837217E-0001
1.0010082836E+0010  -3.4354314480E-0001
1.0011011575E+0010  -3.7007162541E-0001
1.0011942405E+0010  -3.9570753947E-0001
1.0012875342E+0010  -4.2042015786E-0001
1.0013810404E+0010  -4.4400766348E-0001
1.0014747608E+0010  -4.6623048250E-0001
1.0015686973E+0010  -4.8738254575E-0001
1.0016628518E+0010  -5.0707817134E-0001
1.0017572260E+0010  -5.2576366881E-0001
1.0018518221E+0010  -5.4305405609E-0001
1.0019466419E+0010  -5.5885151992E-0001
1.0020416874E+0010  -5.7370210864E-0001
1.0021369608E+0010  -5.8701797083E-0001
1.0022324642E+0010  -5.9888612878E-0001
1.0023281994E+0010  -6.0863624206E-0001
1.0024241689E+0010  -6.1648175904E-0001
1.0025203748E+0010  -6.2231726148E-0001
1.0026168193E+0010  -6.2631646119E-0001
1.0027135047E+0010  -6.2808039229E-0001
1.0028104335E+0010  -4.6669424555E-0001
1.0029076079E+0010  -2.0973657461E-0001
1.0030050308E+0010  -3.6925239726E-0002
1.0031027043E+0010  -3.6880900938E-0002
1.0032006312E+0010  6.4515461088E-0002
1.0032988139E+0010  2.4109558520E-0001
1.0033972551E+0010  3.9719277017E-0001
1.0034959576E+0010  6.3973291110E-0001
1.0035949241E+0010  8.9264951791E-0001
1.0036941575E+0010  9.5671073937E-0001
1.0037936606E+0010  1.0733765936E+0000
1.0038934363E+0010  1.2981510349E+0000
1.0039934877E+0010  1.4593740282E+0000
1.0040938177E+0010  1.7717358021E+0000
1.0041944295E+0010  2.1704446180E+0000
1.0042953264E+0010  2.4311712671E+0000
1.0043965115E+0010  2.6315654511E+0000
1.0044979882E+0010  2.8567813042E+0000
1.0045997598E+0010  3.0481315673E+0000
1.0047018298E+0010  3.3708790265E+0000
1.0048042018E+0010  3.6646963005E+0000
1.0049068792E+0010  4.0104879255E+0000
1.0050098657E+0010  4.3506031257E+0000
1.0051131653E+0010  4.7183239460E+0000
1.0052167818E+0010  4.9456055570E+0000
1.0053207188E+0010  5.1900394106E+0000
1.0054249804E+0010  5.6012845957E+0000
1.0055295708E+0010  6.0446443846E+0000
1.0056344941E+0010  6.5650521534E+0000
1.0057397545E+0010  7.0135237852E+0000
1.0058453564E+0010  7.4291432511E+0000
1.0059513041E+0010  7.7406255901E+0000
1.0060576022E+0010  7.9970565697E+0000
1.0061642552E+0010  8.2653816118E+0000
1.0062712679E+0010  8.6320800097E+0000
1.0063786450E+0010  9.0490524091E+0000
1.0064863914E+0010  9.4260054616E+0000
1.0065945123E+0010  9.7426041634E+0000
1.0067030126E+0010  9.9690867169E+0000
1.0068118974E+0010  1.0117585255E+0001
1.0069211722E+0010  1.0297755556E+0001
1.0070308424E+0010  1.0514759311E+0001
1.0071409134E+0010  1.0859139279E+0001
1.0072513909E+0010  1.1172068810E+0001
1.0073622809E+0010  1.1467080255E+0001
1.0074735890E+0010  1.1688151250E+0001
1.0075853215E+0010  1.1876288861E+0001
1.0076974843E+0010  1.1994709231E+0001
1.0078100838E+0010  1.2232697104E+0001
1.0079231265E+0010  1.2530935112E+0001
1.0080366188E+0010  1.2963604172E+0001
1.0081505676E+0010  1.3310889607E+0001
1.0082649797E+0010  1.3589869355E+0001
1.0083798620E+0010  1.3820400348E+0001
1.0084952218E+0010  1.4011755576E+0001
1.0086110663E+0010  1.4286159013E+0001
1.0087274031E+0010  1.4528673087E+0001
1.0088442397E+0010  1.4881373009E+0001
1.0089615839E+0010  1.5253958108E+0001
1.0090794436E+0010  1.5616634311E+0001
1.0091978272E+0010  1.5928205426E+0001
1.0093167428E+0010  1.6109954625E+0001
1.0094361987E+0010  1.6345929307E+0001
1.0095562039E+0010  1.6628368917E+0001
1.0096767671E+0010  1.6915130688E+0001
1.0097978974E+0010  1.7323589682E+0001
1.0099196040E+0010  1.7766930097E+0001
1.0100418965E+0010  1.8135357737E+0001
1.0101647847E+0010  1.8554247384E+0001
1.0102882784E+0010  1.8877661626E+0001
1.0104123876E+0010  1.9238716431E+0001
1.0105371228E+0010  1.9704230566E+0001
1.0106624945E+0010  2.0209077228E+0001
1.0107885135E+0010  2.0927522279E+0001
1.0109151912E+0010  2.1620414664E+0001
1.0110425385E+0010  2.2113899496E+0001
1.0111705673E+0010  2.2705075720E+0001
1.0112992894E+0010  2.3370259726E+0001
1.0114287167E+0010  2.3824262879E+0001
1.0115588617E+0010  2.4376610349E+0001
1.0116897371E+0010  2.5275216867E+0001
1.0118213560E+0010  2.6241242021E+0001
1.0119537315E+0010  2.7295925357E+0001
1.0120868774E+0010  2.8347467436E+0001
1.0122208075E+0010  2.9394981393E+0001
1.0123555361E+0010  3.0548174641E+0001
1.0124910776E+0010  3.1788458488E+0001
1.0126274471E+0010  3.3020437855E+0001
1.0127646598E+0010  3.4290556963E+0001
1.0129027316E+0010  3.5598383159E+0001
1.0130416785E+0010  3.7078730137E+0001
1.0131815169E+0010  3.8792080277E+0001
1.0133222632E+0010  4.0793906123E+0001
1.0134639348E+0010  4.3027491151E+0001
1.0136065488E+0010  4.5606582509E+0001
1.0137501233E+0010  4.8670270261E+0001
1.0138946766E+0010  5.1965611122E+0001
1.0140402278E+0010  5.5455254339E+0001
1.0141867962E+0010  5.9046816461E+0001
1.0143344017E+0010  6.2583025678E+0001
1.0144830649E+0010  6.6166234279E+0001
1.0146328064E+0010  7.0126904490E+0001
1.0147836478E+0010  7.4514991801E+0001
1.0149356111E+0010  7.9297214174E+0001
1.0150887189E+0010  8.4457420568E+0001
1.0152429944E+0010  8.9696392647E+0001
1.0153984612E+0010  9.4745352906E+0001
1.0155551435E+0010  9.9519454733E+0001
1.0157130667E+0010  1.0413430742E+0002
1.0158722562E+0010  1.0906363134E+0002
1.0160327383E+0010  1.1430810649E+0002
1.0161945400E+0010  1.1968137711E+0002
1.0163576891E+0010  1.2516591120E+0002
1.0165222141E+0010  1.3056745799E+0002
1.0166881442E+0010  1.3574474234E+0002
1.0168555093E+0010  1.4098321654E+0002
1.0170243407E+0010  1.4645576107E+0002
1.0171946699E+0010  1.5258923913E+0002
1.0173665292E+0010  1.5920210514E+0002
1.0175399521E+0010  1.6556972745E+0002
1.0177149730E+0010  1.7165750989E+0002
1.0178916276E+0010  1.7777429311E+0002
1.0180699521E+0010  1.8378749172E+0002
1.0182499839E+0010  1.9008201454E+0002
1.0184317611E+0010  1.9617698548E+0002
1.0186153232E+0010  2.0179004995E+0002
1.0188007107E+0010  2.0756880438E+0002
1.0189879659E+0010  2.1334280788E+0002
1.0191771318E+0010  2.1928137550E+0002
1.0193682527E+0010  2.2556025274E+0002
1.0195613744E+0010  2.3164161711E+0002
1.0197565438E+0010  2.3784954183E+0002
1.0199538095E+0010  2.4395800816E+0002
1.0201532216E+0010  2.4987269388E+0002
1.0203548317E+0010  2.5601414427E+0002
1.0205586929E+0010  2.6187703481E+0002
1.0207648605E+0010  2.6739843233E+0002
1.0209733906E+0010  2.7270158860E+0002
1.0211843418E+0010  2.7724358681E+0002
1.0213977738E+0010  2.8167648968E+0002
1.0216137486E+0010  2.8602189742E+0002
1.0218323304E+0010  2.9035769849E+0002
1.0220535854E+0010  2.9493721156E+0002
1.0222775825E+0010  2.9931046232E+0002
1.0225043924E+0010  3.0352080718E+0002
1.0227340881E+0010  3.0765739858E+0002
1.0229667454E+0010  3.1178153417E+0002
1.0232024429E+0010  3.1621610513E+0002
1.0234412615E+0010  3.2100685820E+0002
1.0236832855E+0010  3.2566022107E+0002
1.0239286021E+0010  3.2998421932E+0002
1.0241773013E+0010  3.3376590590E+0002
1.0244294761E+0010  3.3674358014E+0002
1.0246852232E+0010  3.3987616196E+0002
1.0249446426E+0010  3.4298605760E+0002
1.0252078389E+0010  3.4640663672E+0002
1.0254749202E+0010  3.5014980604E+0002
1.0257459993E+0010  3.5324286078E+0002
1.0260211929E+0010  3.5670884060E+0002
1.0263006224E+0010  3.5992976556E+0002
1.0265844139E+0010  3.6338891222E+0002
1.0268726990E+0010  3.6751870493E+0002
1.0271656150E+0010  3.7094126586E+0002
1.0274633041E+0010  3.7458788093E+0002
1.0277659145E+0010  3.7705430632E+0002
1.0280736009E+0010  3.7926565479E+0002
1.0283865239E+0010  3.8180299951E+0002
1.0287048522E+0010  3.8441446271E+0002
1.0290287615E+0010  3.8838982812E+0002
1.0293584364E+0010  3.9233721101E+0002
1.0296940694E+0010  3.9696221964E+0002
1.0300358616E+0010  4.0204446357E+0002
1.0303840241E+0010  4.0722386156E+0002
1.0307387770E+0010  4.1357105827E+0002
1.0311003517E+0010  4.1959674259E+0002
1.0314689906E+0010  4.2583277693E+0002
1.0318449474E+0010  4.3187187607E+0002
1.0322284896E+0010  4.3777836073E+0002
1.0326198958E+0010  4.4469966954E+0002
1.0330194616E+0010  4.5187612997E+0002
1.0334274964E+0010  4.6156607526E+0002
1.0338443278E+0010  4.7182350932E+0002
1.0342702999E+0010  4.8353120933E+0002
1.0347057752E+0010  4.9432975117E+0002
1.0351511350E+0010  5.0543789268E+0002
1.0356067805E+0010  5.1679087689E+0002
1.0360731369E+0010  5.2878227415E+0002
1.0365506517E+0010  5.4040480973E+0002
1.0370397998E+0010  5.5142511287E+0002
1.0375410795E+0010  5.6318073345E+0002
1.0380550203E+0010  5.7560838235E+0002
1.0385821815E+0010  5.9003901882E+0002
1.0391231571E+0010  6.0278355598E+0002
1.0396785741E+0010  6.1510600749E+0002
1.0402490940E+0010  6.2417247646E+0002
1.0408354159E+0010  6.3575744215E+0002
1.0414382839E+0010  6.4714887211E+0002
1.0420584880E+0010  6.6100949593E+0002
1.0426968657E+0010  6.7382344349E+0002
1.0433542999E+0010  6.8961623370E+0002
1.0440317340E+0010  7.0984539588E+0002
1.0447301623E+0010  7.2779518180E+0002
1.0454506416E+0010  7.4292332143E+0002
1.0461942875E+0010  7.5769271461E+0002
1.0469622774E+0010  7.7369640513E+0002
1.0477558658E+0010  7.9571402530E+0002
1.0485763840E+0010  8.2023976647E+0002
1.0494252297E+0010  8.4064201435E+0002
1.0503038920E+0010  8.6659216270E+0002
1.0512139483E+0010  8.9582969987E+0002
1.0521570573E+0010  9.1999328328E+0002
1.0531349820E+0010  9.4255584502E+0002
1.0541495937E+0010  9.6765672810E+0002
1.0552028793E+0010  1.0002120899E+0003
1.0562969451E+0010  1.0411779551E+0003
1.0574340072E+0010  1.0888775951E+0003
1.0586164141E+0010  1.1524175349E+0003
1.0598466806E+0010  1.2409861939E+0003
1.0611274779E+0010  1.3530758685E+0003
1.0624616424E+0010  1.4791124245E+0003
1.0638522191E+0010  1.6042643967E+0003
1.0653024563E+0010  1.7168124035E+0003
1.0668157374E+0010  1.8309173742E+0003
1.0683955318E+0010  1.9472277523E+0003
1.0700453690E+0010  2.0551095321E+0003
1.0717687169E+0010  2.1719279372E+0003
1.0735689935E+0010  2.2867256878E+0003
1.0754495894E+0010  2.4053188702E+0003
1.0774138652E+0010  2.5412834333E+0003
1.0794653945E+0010  2.6594978444E+0003
1.0816080262E+0010  2.7999776934E+0003
1.0838460970E+0010  2.9277999125E+0003
1.0861846357E+0010  3.0773007221E+0003
1.0886293995E+0010  3.2409799736E+0003
1.0911872155E+0010  3.4231400717E+0003
1.0938657661E+0010  3.5994539679E+0003
1.0966740879E+0010  3.7854897641E+0003
1.0996222299E+0010  3.9781135822E+0003
1.1027218652E+0010  4.2338691703E+0003
1.1059862067E+0010  4.4848196576E+0003
1.1094304111E+0010  4.7865684190E+0003
1.1130717957E+0010  5.0917763851E+0003
1.1169298380E+0010  5.3222361897E+0003
1.1210269444E+0010  5.5490888099E+0003
1.1253888566E+0010  5.9423818933E+0003
1.1300460998E+0010  6.5216777919E+0003
1.1350332260E+0010  7.2683115173E+0003
1.1403899247E+0010  7.9795075569E+0003
1.1461631027E+0010  8.6433045398E+0003
1.1524092066E+0010  9.3766309645E+0003
1.1591952879E+0010  1.0089840984E+0004
1.1666005774E+0010  1.1251728680E+0004
1.1747198233E+0010  1.2544566866E+0004
1.1836649013E+0010  1.4203872628E+0004
1.1935769220E+0010  1.5787463405E+0004
1.2046196318E+0010  1.7654308739E+0004
1.2170142771E+0010  2.0083487897E+0004
1.2310184589E+0010  2.3216802088E+0004
1.2469559323E+0010  2.6193716723E+0004
1.2652264052E+0010  3.1106135769E+0004
1.2863232289E+0010  3.6968468818E+0004
1.3108461934E+0010  4.3784280572E+0004
1.3395214992E+0010  5.0425770742E+0004
1.3732778686E+0010  6.2666730242E+0004
1.4131975760E+0010  7.2654579471E+0004
1.4603148870E+0010  8.6866197273E+0004
1.5158287348E+0010  1.0200490852E+0005
1.5805675827E+0010  1.1770283568E+0005
1.6549819629E+0010  1.3323329974E+0005
1.7388664241E+0010  1.4746224772E+0005
1.8313617272E+0010  1.5998861453E+0005
1.9310850219E+0010  1.7018181509E+0005
2.0364259875E+0010  1.7876757270E+0005
2.1458116994E+0010  1.8516424151E+0005
2.2578554606E+0010  1.8999315389E+0005
2.3714450410E+0010  1.9446651828E+0005
2.4856426773E+0010  1.9715406757E+0005
2.5998076619E+0010  1.9982867998E+0005
2.7134055558E+0010  2.0141679709E+0005
2.8260854726E+0010  2.0336499308E+0005
2.9375208254E+0010  2.0442469455E+0005
3.0475254017E+0010  2.0554127354E+0005
3.1559647830E+0010  2.0689932748E+0005
3.2627005064E+0010  2.0774898870E+0005
3.3676464742E+0010  2.0855347262E+0005
3.4707728740E+0010  2.0956377810E+0005
3.5720056859E+0010  2.1016173000E+0005
3.6713214984E+0010  2.1063346045E+0005
3.7687187117E+0010  2.1109398906E+0005
3.8641872524E+0010  2.1123739290E+0005
3.9577202251E+0010  2.1102406135E+0005
4.0493596201E+0010  2.1127807428E+0005
4.1390995513E+0010  2.1119695259E+0005
4.2269346271E+0010  2.1081949394E+0005
4.3129227575E+0010  2.1075771050E+0005
4.3970660594E+0010  2.1044260236E+0005
4.4793733246E+0010  2.0993703692E+0005
4.5598838412E+0010  2.0962886868E+0005
4.6386004150E+0010  2.0913958023E+0005
4.7155291605E+0010  2.0851086967E+0005
4.7906941470E+0010  2.0803840069E+0005
4.8640968697E+0010  2.0750582521E+0005
4.9357369872E+0010  2.0681899803E+0005
5.0056324704E+0010  2.0622386682E+0005
5.0737944839E+0010  2.0576553545E+0005
5.1402255953E+0010  2.0529716219E+0005
5.2049386606E+0010  2.0479371005E+0005
5.2679545597E+0010  2.0429516570E+0005
5.3292972739E+0010  2.0377525305E+0005
5.3889948460E+0010  2.0321108700E+0005
5.4470824213E+0010  2.0263062792E+0005
5.5035971096E+0010  2.0205014992E+0005
5.5585769034E+0010  2.0145620145E+0005
5.6120637033E+0010  2.0085327934E+0005
5.6641022242E+0010  2.0026797344E+0005
5.7147375162E+0010  1.9970354290E+0005
5.7640141446E+0010  1.9912912126E+0005
5.8119772946E+0010  1.9852192799E+0005
5.8586737975E+0010  1.9789954480E+0005
5.9041494333E+0010  1.9730237048E+0005
5.9484464593E+0010  1.9675478146E+0005
5.9916046874E+0010  1.9624946273E+0005

