  
  
#r(i)[cm]  v(i) [cm/s]
  
1.0000000000E+0010  -1.1184452102E-0002
1.0000857887E+0010  -2.2366364417E-0002
1.0001716858E+0010  -3.3597661921E-0002
1.0002576915E+0010  -4.4760919130E-0002
1.0003438057E+0010  -5.5752650865E-0002
1.0004300287E+0010  -6.6229346080E-0002
1.0005163601E+0010  -7.6249511494E-0002
1.0006028002E+0010  -8.5788465725E-0002
1.0006893490E+0010  -9.4889013581E-0002
1.0007760065E+0010  -1.0326347601E-0001
1.0008627727E+0010  -1.1118772451E-0001
1.0009496478E+0010  -1.1856132161E-0001
1.0010366315E+0010  -1.2512965434E-0001
1.0011237243E+0010  -1.3138508930E-0001
1.0012109258E+0010  -1.3683671140E-0001
1.0012982364E+0010  -1.4274374348E-0001
1.0013856561E+0010  -1.4881326283E-0001
1.0014731848E+0010  -1.5522901871E-0001
1.0015608226E+0010  -1.6184944287E-0001
1.0016485698E+0010  -1.6886435352E-0001
1.0017364263E+0010  -1.7596284449E-0001
1.0018243922E+0010  -1.8292281135E-0001
1.0019124675E+0010  -1.8895365615E-0001
1.0020006525E+0010  -1.9395267706E-0001
1.0020889469E+0010  -1.9818843667E-0001
1.0021773511E+0010  -2.0148507451E-0001
1.0022658652E+0010  -2.0389561395E-0001
1.0023544891E+0010  -2.0574167864E-0001
1.0024432231E+0010  -2.0721697397E-0001
1.0025320673E+0010  -1.2343274822E-0001
1.0026210218E+0010  2.9897146937E-0002
1.0027100867E+0010  1.1932463581E-0001
1.0027992623E+0010  2.2127296305E-0001
1.0028885486E+0010  3.8059930902E-0001
1.0029779458E+0010  5.4507146767E-0001
1.0030674541E+0010  6.6035247589E-0001
1.0031570736E+0010  7.3563142930E-0001
1.0032468047E+0010  8.5466207001E-0001
1.0033366474E+0010  9.9630630041E-0001
1.0034266021E+0010  1.1340706437E+0000
1.0035166687E+0010  1.2067909052E+0000
1.0036068478E+0010  1.2992596990E+0000
1.0036971395E+0010  1.4481914160E+0000
1.0037875440E+0010  1.6083496421E+0000
1.0038780616E+0010  1.6803138101E+0000
1.0039686927E+0010  1.7253261606E+0000
1.0040594375E+0010  1.8356477656E+0000
1.0041502962E+0010  2.0217556364E+0000
1.0042412693E+0010  2.1539934447E+0000
1.0043323570E+0010  2.2267024949E+0000
1.0044235597E+0010  2.2693167949E+0000
1.0045148778E+0010  2.4137255421E+0000
1.0046063115E+0010  2.5758895288E+0000
1.0046978615E+0010  2.7163336017E+0000
1.0047895279E+0010  2.7873613473E+0000
1.0048813112E+0010  2.8312693484E+0000
1.0049732119E+0010  2.9819607155E+0000
1.0050652303E+0010  3.1680985833E+0000
1.0051573671E+0010  3.4034387558E+0000
1.0052496225E+0010  3.6161604111E+0000
1.0053419971E+0010  3.7105214522E+0000
1.0054344915E+0010  3.8242770322E+0000
1.0055271061E+0010  4.0410801269E+0000
1.0056198415E+0010  4.2425314356E+0000
1.0057126983E+0010  4.4950191545E+0000
1.0058056771E+0010  4.9083862829E+0000
1.0058987782E+0010  5.2983495849E+0000
1.0059920025E+0010  5.4547088170E+0000
1.0060853507E+0010  5.4707723040E+0000
1.0061788232E+0010  5.4707620130E+0000
1.0062724210E+0010  5.4707203647E+0000
1.0063661447E+0010  5.4706509564E+0000
1.0064599950E+0010  5.4705411218E+0000
1.0065539729E+0010  5.4704375324E+0000
1.0066480788E+0010  5.4703268874E+0000
1.0067423136E+0010  5.4701988608E+0000
1.0068366783E+0010  5.4700666700E+0000
1.0069311735E+0010  5.4699644056E+0000
1.0070258003E+0010  5.4698921916E+0000
1.0071205594E+0010  5.4698339221E+0000
1.0072154518E+0010  5.4698136867E+0000
1.0073104784E+0010  5.4698656358E+0000
1.0074056402E+0010  5.4698233572E+0000
1.0075009382E+0010  5.4697401107E+0000
1.0075963735E+0010  5.4696854706E+0000
1.0076919470E+0010  5.4724119444E+0000
1.0077876598E+0010  5.4733086476E+0000
1.0078835131E+0010  5.4732353273E+0000
1.0079795080E+0010  5.4730772336E+0000
1.0080756457E+0010  5.4728660612E+0000
1.0081719274E+0010  5.4726559979E+0000
1.0082683543E+0010  5.4724373641E+0000
1.0083649276E+0010  5.4722307394E+0000
1.0084616487E+0010  5.4720785954E+0000
1.0085585189E+0010  5.4720626014E+0000
1.0086555395E+0010  5.5156477241E+0000
1.0087527121E+0010  5.7286868834E+0000
1.0088500379E+0010  6.0927637408E+0000
1.0089475185E+0010  6.3448178348E+0000
1.0090451556E+0010  6.4377748888E+0000
1.0091429506E+0010  6.7024061987E+0000
1.0092409051E+0010  7.1350869580E+0000
1.0093390207E+0010  7.3492898580E+0000
1.0094372991E+0010  7.3523404320E+0000
1.0095357420E+0010  7.5705455648E+0000
1.0096343511E+0010  7.9990106748E+0000
1.0097331283E+0010  8.1749468391E+0000
1.0098320753E+0010  8.1767617087E+0000
1.0099311941E+0010  8.3632587895E+0000
1.0100304865E+0010  8.7451851611E+0000
1.0101299545E+0010  9.0009241622E+0000
1.0102296004E+0010  9.0979149922E+0000
1.0103294259E+0010  9.2051157372E+0000
1.0104294332E+0010  9.4463021019E+0000
1.0105296246E+0010  9.7163451818E+0000
1.0106300022E+0010  9.8262949468E+0000
1.0107305683E+0010  9.8262715633E+0000
1.0108313253E+0010  9.9027443646E+0000
1.0109322753E+0010  9.9307313467E+0000
1.0110334210E+0010  9.9302020622E+0000
1.0111347648E+0010  9.9291028560E+0000
1.0112363093E+0010  9.9275319340E+0000
1.0113380570E+0010  9.9252721640E+0000
1.0114400106E+0010  9.9224119558E+0000
1.0115421730E+0010  9.9189249142E+0000
1.0116445468E+0010  9.9148235019E+0000
1.0117471349E+0010  9.9101436796E+0000
1.0118499403E+0010  9.9050362495E+0000
1.0119529659E+0010  9.8995717961E+0000
1.0120562149E+0010  9.8935927563E+0000
1.0121596903E+0010  9.8870488333E+0000
1.0122633954E+0010  9.8798961287E+0000
1.0123673333E+0010  9.8721467038E+0000
1.0124715076E+0010  9.8639328915E+0000
1.0125759217E+0010  9.8552895883E+0000
1.0126805790E+0010  9.8462157423E+0000
1.0127854831E+0010  9.8367019692E+0000
1.0128906377E+0010  9.8267907806E+0000
1.0129960466E+0010  9.8166080236E+0000
1.0131017136E+0010  9.8061588821E+0000
1.0132076426E+0010  9.7954153396E+0000
1.0133138377E+0010  9.7843915149E+0000
1.0134203029E+0010  9.7730398501E+0000
1.0135270425E+0010  9.7613118890E+0000
1.0136340609E+0010  9.7493450625E+0000
1.0137413623E+0010  9.7370638648E+0000
1.0138489513E+0010  9.7245143029E+0000
1.0139568325E+0010  9.7118203903E+0000
1.0140650106E+0010  9.6989306642E+0000
1.0141734903E+0010  9.6859322341E+0000
1.0142822768E+0010  9.6729448726E+0000
1.0143913749E+0010  9.6598925645E+0000
1.0145007898E+0010  9.6466348419E+0000
1.0146105270E+0010  9.6331905763E+0000
1.0147205916E+0010  9.6195929994E+0000
1.0148309891E+0010  9.6058344079E+0000
1.0149417254E+0010  9.5919946078E+0000
1.0150528061E+0010  9.5780835515E+0000
1.0151642373E+0010  9.5640207418E+0000
1.0152760248E+0010  9.5497700337E+0000
1.0153881748E+0010  9.5353495909E+0000
1.0155006939E+0010  9.5207579177E+0000
1.0156135882E+0010  9.5060395822E+0000
1.0157268646E+0010  9.4912031442E+0000
1.0158405298E+0010  9.4762941300E+0000
1.0159545906E+0010  9.4614224802E+0000
1.0160690543E+0010  9.4467289936E+0000
1.0161839281E+0010  9.4322663196E+0000
1.0162992194E+0010  9.4179607858E+0000
1.0164149357E+0010  9.4037445890E+0000
1.0165310849E+0010  9.3895755584E+0000
1.0166476749E+0010  9.3754467502E+0000
1.0167647140E+0010  9.3614398178E+0000
1.0168822103E+0010  9.3476591434E+0000
1.0170001725E+0010  9.3341386312E+0000
1.0171186093E+0010  9.3209743604E+0000
1.0172375296E+0010  9.3083045123E+0000
1.0173569426E+0010  9.2961245912E+0000
1.0174768577E+0010  9.2843493273E+0000
1.0175972844E+0010  9.2729475829E+0000
1.0177182326E+0010  9.2620397401E+0000
1.0178397124E+0010  9.2517134790E+0000
1.0179617340E+0010  9.2420968354E+0000
1.0180843080E+0010  9.2333870694E+0000
1.0182074452E+0010  9.2256941393E+0000
1.0183311567E+0010  9.2189824813E+0000
1.0184554538E+0010  9.2131846416E+0000
1.0185803480E+0010  9.2083510858E+0000
1.0187058514E+0010  9.2045241543E+0000
1.0188319761E+0010  9.2018389895E+0000
1.0189587345E+0010  9.2004501198E+0000
1.0190861396E+0010  9.2492130180E+0000
1.0192142043E+0010  9.8707125052E+0000
1.0193429423E+0010  1.0693040570E+0001
1.0194723676E+0010  1.1101717298E+0001
1.0196024942E+0010  1.1749203475E+0001
1.0197333366E+0010  1.2639160961E+0001
1.0198649096E+0010  1.2965677241E+0001
1.0199972286E+0010  1.3157570259E+0001
1.0201303087E+0010  1.4078468323E+0001
1.0202641662E+0010  1.4932748442E+0001
1.0203988178E+0010  1.5301370825E+0001
1.0205342800E+0010  1.5981237857E+0001
1.0206705700E+0010  1.6911877554E+0001
1.0208077057E+0010  1.7587921050E+0001
1.0209457052E+0010  1.8599888726E+0001
1.0210845871E+0010  2.0225104899E+0001
1.0212243710E+0010  2.1641643729E+0001
1.0213650762E+0010  2.2870356591E+0001
1.0215067231E+0010  2.4383640389E+0001
1.0216493321E+0010  2.5642193209E+0001
1.0217929247E+0010  2.6839936037E+0001
1.0219375223E+0010  2.8482225975E+0001
1.0220831475E+0010  3.0036571516E+0001
1.0222298235E+0010  3.1407059352E+0001
1.0223775736E+0010  3.3022519552E+0001
1.0225264222E+0010  3.4726614312E+0001
1.0226763943E+0010  3.6341594588E+0001
1.0228275153E+0010  3.8274747688E+0001
1.0229798116E+0010  3.9911559812E+0001
1.0231333104E+0010  4.1356058199E+0001
1.0232880391E+0010  4.2865523153E+0001
1.0234440265E+0010  4.4371219112E+0001
1.0236013018E+0010  4.5998240759E+0001
1.0237598951E+0010  4.7516034416E+0001
1.0239198379E+0010  4.9198279486E+0001
1.0240811617E+0010  5.0731755202E+0001
1.0242438997E+0010  5.2613900801E+0001
1.0244080854E+0010  5.4781875813E+0001
1.0245737541E+0010  5.6598669677E+0001
1.0247409413E+0010  5.8872387542E+0001
1.0249096842E+0010  6.0628992873E+0001
1.0250800208E+0010  6.2767617526E+0001
1.0252519899E+0010  6.5084453173E+0001
1.0254256323E+0010  6.6898541299E+0001
1.0256009891E+0010  6.9359868262E+0001
1.0257781034E+0010  7.1133570117E+0001
1.0259570190E+0010  7.3630899173E+0001
1.0261377816E+0010  7.5719691772E+0001
1.0263204384E+0010  7.7986029419E+0001
1.0265050373E+0010  8.0129563854E+0001
1.0266916285E+0010  8.2228829004E+0001
1.0268802632E+0010  8.4392511871E+0001
1.0270709950E+0010  8.6438196033E+0001
1.0272638781E+0010  8.8444627701E+0001
1.0274589694E+0010  9.0668215297E+0001
1.0276563273E+0010  9.2784054421E+0001
1.0278560123E+0010  9.5407466909E+0001
1.0280580870E+0010  9.7643553464E+0001
1.0282626159E+0010  1.0058967081E+0002
1.0284696657E+0010  1.0331017781E+0002
1.0286793054E+0010  1.0631737435E+0002
1.0288916068E+0010  1.0918529841E+0002
1.0291066434E+0010  1.1194339391E+0002
1.0293244914E+0010  1.1475344466E+0002
1.0295452303E+0010  1.1759038478E+0002
1.0297689417E+0010  1.2078140145E+0002
1.0299957104E+0010  1.2422898191E+0002
1.0302256245E+0010  1.2815518969E+0002
1.0304587754E+0010  1.3241898572E+0002
1.0306952577E+0010  1.3704534502E+0002
1.0309351696E+0010  1.4170168800E+0002
1.0311786126E+0010  1.4636414385E+0002
1.0314256924E+0010  1.5084722394E+0002
1.0316765182E+0010  1.5543393329E+0002
1.0319312038E+0010  1.6023421577E+0002
1.0321898673E+0010  1.6534667594E+0002
1.0324526317E+0010  1.7073592578E+0002
1.0327196248E+0010  1.7620929260E+0002
1.0329909793E+0010  1.8216051593E+0002
1.0332668337E+0010  1.8823480823E+0002
1.0335473313E+0010  1.9452983839E+0002
1.0338326220E+0010  2.0019287327E+0002
1.0341228611E+0010  2.0538735614E+0002
1.0344182109E+0010  2.1073333956E+0002
1.0347188399E+0010  2.1562889481E+0002
1.0350249249E+0010  2.2043310270E+0002
1.0353366496E+0010  2.2473742577E+0002
1.0356542058E+0010  2.2820835566E+0002
1.0359777940E+0010  2.3149958873E+0002
1.0363076235E+0010  2.3370800411E+0002
1.0366439124E+0010  2.3472943142E+0002
1.0369868895E+0010  2.3625804836E+0002
1.0373367934E+0010  2.3810969483E+0002
1.0376938744E+0010  2.3923621316E+0002
1.0380583955E+0010  2.4070971445E+0002
1.0384306322E+0010  2.4349769624E+0002
1.0388108723E+0010  2.4615700671E+0002
1.0391994176E+0010  2.4735671008E+0002
1.0395965857E+0010  2.4816163091E+0002
1.0400027106E+0010  2.5069185570E+0002
1.0404181423E+0010  2.5597604445E+0002
1.0408432483E+0010  2.6311331987E+0002
1.0412784149E+0010  2.7056267378E+0002
1.0417240487E+0010  2.7733764535E+0002
1.0421805780E+0010  2.8296496981E+0002
1.0426484543E+0010  2.8786341952E+0002
1.0431281525E+0010  2.9314988329E+0002
1.0436201748E+0010  2.9947496296E+0002
1.0441250521E+0010  3.0705621563E+0002
1.0446433449E+0010  3.1589648045E+0002
1.0451756454E+0010  3.2536076964E+0002
1.0457225785E+0010  3.3505157382E+0002
1.0462848040E+0010  3.4557917958E+0002
1.0468630210E+0010  3.5810796497E+0002
1.0474579720E+0010  3.7298712662E+0002
1.0480704429E+0010  3.8934442106E+0002
1.0487012683E+0010  4.0603088317E+0002
1.0493513283E+0010  4.2239297678E+0002
1.0500215560E+0010  4.3769903993E+0002
1.0507129394E+0010  4.5332026180E+0002
1.0514265277E+0010  4.7054978060E+0002
1.0521634340E+0010  4.8665665773E+0002
1.0529248255E+0010  5.0138715948E+0002
1.0537119308E+0010  5.1535643302E+0002
1.0545260400E+0010  5.2739658591E+0002
1.0553685026E+0010  5.4174230545E+0002
1.0562407234E+0010  5.5889516758E+0002
1.0571441514E+0010  5.7493467238E+0002
1.0580802689E+0010  5.9189497559E+0002
1.0590505833E+0010  6.1096643324E+0002
1.0600566234E+0010  6.3456666980E+0002
1.0610999270E+0010  6.6217812482E+0002
1.0621820317E+0010  6.8691999853E+0002
1.0633044569E+0010  7.1373420589E+0002
1.0644687206E+0010  7.3957553056E+0002
1.0656763635E+0010  7.7019324519E+0002
1.0669289383E+0010  8.0219487359E+0002
1.0682280478E+0010  8.3877687796E+0002
1.0695753790E+0010  8.8207967821E+0002
1.0709727572E+0010  9.2239584470E+0002
1.0724221210E+0010  9.6145296030E+0002
1.0739255861E+0010  9.9709312470E+0002
1.0754854982E+0010  1.0334999482E+0003
1.0771044658E+0010  1.0676787505E+0003
1.0787853513E+0010  1.1074597475E+0003
1.0805313621E+0010  1.1604802735E+0003
1.0823459846E+0010  1.2263737690E+0003
1.0842331515E+0010  1.2956308672E+0003
1.0861971639E+0010  1.3694122212E+0003
1.0882428389E+0010  1.4598938682E+0003
1.0903753709E+0010  1.5451311449E+0003
1.0926004713E+0010  1.6180114127E+0003
1.0949244430E+0010  1.7004929548E+0003
1.0973542445E+0010  1.7788858854E+0003
1.0998976010E+0010  1.8646025281E+0003
1.1025628025E+0010  1.9925856658E+0003
1.1053591223E+0010  2.1252093808E+0003
1.1082969900E+0010  2.2840946353E+0003
1.1113874928E+0010  2.4396361313E+0003
1.1146432452E+0010  2.6044139408E+0003
1.1180775576E+0010  2.7714758094E+0003
1.1217058146E+0010  2.9248357508E+0003
1.1255444303E+0010  3.0828452606E+0003
1.1296120678E+0010  3.2145287361E+0003
1.1339284461E+0010  3.4004730741E+0003
1.1385166426E+0010  3.5429243018E+0003
1.1434009112E+0010  3.7081788100E+0003
1.1486091597E+0010  3.9860381679E+0003
1.1541714151E+0010  4.3298268439E+0003
1.1601183314E+0010  4.6878048524E+0003
1.1664854971E+0010  5.1705753078E+0003
1.1733117406E+0010  5.4292639306E+0003
1.1806384449E+0010  5.8910085550E+0003
1.1885123297E+0010  6.6779391741E+0003
1.1969863371E+0010  7.4086313306E+0003
1.2061144174E+0010  7.9526388150E+0003
1.2159512825E+0010  8.6472526507E+0003
1.2265617678E+0010  9.4317473435E+0003
1.2380150032E+0010  9.9930175489E+0003
1.2503795684E+0010  1.0906886535E+0004
1.2637216576E+0010  1.1818670484E+0004
1.2781142200E+0010  1.3052984943E+0004
1.2936217345E+0010  1.4351851579E+0004
1.3103130343E+0010  1.5867715497E+0004
1.3282423650E+0010  1.6936932403E+0004
1.3474619727E+0010  1.8461665183E+0004
1.3680231012E+0010  1.9414493738E+0004
1.3899695610E+0010  2.1076610926E+0004
1.4133183862E+0010  2.2793575610E+0004
1.4380714078E+0010  2.4962599832E+0004
1.4642237337E+0010  2.6230171480E+0004
1.4917568780E+0010  2.7564869144E+0004
1.5206550721E+0010  2.9112154536E+0004
1.5508724638E+0010  3.1631395367E+0004
1.5823401895E+0010  3.3378875965E+0004
1.6149927592E+0010  3.4443873047E+0004
1.6487857794E+0010  3.6155073710E+0004
1.6836352994E+0010  3.8503816599E+0004
1.7194515218E+0010  4.0104243075E+0004
1.7561259177E+0010  4.0894894386E+0004
1.7935970021E+0010  4.2799107695E+0004
1.8317518542E+0010  4.4775004891E+0004
1.8704473217E+0010  4.5388269583E+0004
1.9095949270E+0010  4.6412730493E+0004
1.9491001097E+0010  4.8347274895E+0004
1.9888068519E+0010  4.8495426582E+0004
2.0286214180E+0010  4.9235585543E+0004
2.0684687919E+0010  5.1016996317E+0004
2.1082037225E+0010  5.1012964844E+0004
2.1477556325E+0010  5.1481799066E+0004
2.1870814091E+0010  5.3094166299E+0004
2.2260666976E+0010  5.3081869816E+0004
2.2646681188E+0010  5.3248197851E+0004
2.3028767568E+0010  5.4588373360E+0004
2.3406159208E+0010  5.4620337675E+0004
2.3778606861E+0010  5.4795644678E+0004
2.4146206460E+0010  5.6157080236E+0004
2.4508428227E+0010  5.6321492550E+0004
2.4865155216E+0010  5.6022509383E+0004
2.5216673972E+0010  5.7177251174E+0004
2.5562680446E+0010  5.7853457789E+0004
2.5902910979E+0010  5.7479901079E+0004
2.6237685992E+0010  5.8042152987E+0004
2.6566997332E+0010  5.8975035827E+0004
2.6890536434E+0010  5.8898720736E+0004
2.7208463751E+0010  5.8979282132E+0004
2.7520957815E+0010  5.9814647874E+0004
2.7827820052E+0010  6.0075161557E+0004
2.8129048583E+0010  5.9854297607E+0004
2.8424883166E+0010  6.0357733721E+0004
2.8715317012E+0010  6.1076884718E+0004
2.9000217095E+0010  6.1091877060E+0004
2.9279756438E+0010  6.0996581460E+0004
2.9554160850E+0010  6.1596957906E+0004
2.9823412091E+0010  6.2102246304E+0004
3.0087515700E+0010  6.2035356452E+0004
3.0346724836E+0010  6.2034248224E+0004
3.0601264094E+0010  6.2557040921E+0004
3.0851178186E+0010  6.2901658461E+0004
3.1096580048E+0010  6.2819956710E+0004
3.1337748632E+0010  6.2733978972E+0004
3.1574930509E+0010  6.3065424826E+0004
3.1808240724E+0010  6.3326855983E+0004
3.2037818903E+0010  6.3300546370E+0004
3.2263921002E+0010  6.3248069877E+0004
3.2486784067E+0010  6.3429101552E+0004
3.2706559771E+0010  6.3559437626E+0004
3.2923406305E+0010  6.3527897876E+0004
3.3137541688E+0010  6.3447532403E+0004
3.3349165933E+0010  6.3452167297E+0004
3.3558434853E+0010  6.3456779027E+0004
3.3765492208E+0010  6.3400512175E+0004
3.3970497056E+0010  6.3289536505E+0004
3.4173599107E+0010  6.3158417751E+0004
3.4374929474E+0010  6.3022755255E+0004
3.4574601217E+0010  6.2863146722E+0004
3.4772717041E+0010  6.2677163635E+0004
3.4969368983E+0010  6.2497969584E+0004
3.5164631078E+0010  6.2348911139E+0004
3.5358554793E+0010  6.2218964022E+0004
3.5551177036E+0010  6.2085552642E+0004
3.5742523865E+0010  6.1940813428E+0004
3.5932609834E+0010  6.1790409215E+0004
3.6121432487E+0010  6.1635432969E+0004
3.6308972018E+0010  6.1468789490E+0004
3.6495194630E+0010  6.1289824628E+0004
3.6680053193E+0010  6.1112674620E+0004
3.6863484919E+0010  6.0954022728E+0004
3.7045410230E+0010  6.0818178420E+0004
3.7225737019E+0010  6.0700014004E+0004
3.7404366052E+0010  6.0596626458E+0004
3.7581194228E+0010  6.0509628357E+0004
3.7756118290E+0010  6.0438789307E+0004
3.7929039802E+0010  6.0378699014E+0004
3.8099870642E+0010  6.0322056324E+0004
3.8268539285E+0010  6.0263935212E+0004
3.8434996624E+0010  6.0202252003E+0004
3.8599219306E+0010  6.0135993091E+0004
3.8761213849E+0010  6.0064672593E+0004
3.8921020070E+0010  5.9988489226E+0004
3.9078713308E+0010  5.9908935329E+0004
3.9234404973E+0010  5.9827468285E+0004
3.9388241257E+0010  5.9744838091E+0004
3.9540401464E+0010  5.9661337386E+0004
3.9691095455E+0010  5.9577682875E+0004
3.9840560362E+0010  5.9495046402E+0004
3.9989057117E+0010  5.9413990060E+0004
4.0136866999E+0010  5.9333663227E+0004
4.0284286393E+0010  5.9252619314E+0004
4.0431623622E+0010  5.9170007423E+0004
4.0579192922E+0010  5.9084308161E+0004
4.0727311053E+0010  5.8990025500E+0004
4.0876292502E+0010  5.8877510236E+0004
4.1026440409E+0010  5.8740292518E+0004
4.1178040034E+0010  5.8583767623E+0004
4.1331350847E+0010  5.8420295260E+0004
4.1486588170E+0010  5.8247318328E+0004
4.1643874969E+0010  5.8033827814E+0004
4.1803117991E+0010  5.7744172679E+0004
4.1963708658E+0010  5.7377823902E+0004
4.2124023007E+0010  5.6967264350E+0004
4.2281004738E+0010  5.6540281000E+0004
  
