  
  
#r(i) [cm]  rho(i) [g/cm^-3]
  
1.0000000000E+0010  1.2295234512E-0011
1.0000906805E+0010  1.2095292580E-0011
1.0001815529E+0010  1.1898478429E-0011
1.0002726187E+0010  1.1704732762E-0011
1.0003638791E+0010  1.1513995973E-0011
1.0004553359E+0010  1.1326228604E-0011
1.0005469904E+0010  1.1141387214E-0011
1.0006388443E+0010  1.0959434246E-0011
1.0007308989E+0010  1.0780310365E-0011
1.0008231559E+0010  1.0603972729E-0011
1.0009156169E+0010  1.0430385430E-0011
1.0010082836E+0010  1.0259509758E-0011
1.0011011575E+0010  1.0091277997E-0011
1.0011942405E+0010  9.9256824701E-0012
1.0012875342E+0010  9.7626626591E-0012
1.0013810404E+0010  9.6021810063E-0012
1.0014747608E+0010  9.4442067179E-0012
1.0015686973E+0010  9.2886859242E-0012
1.0016628518E+0010  9.1355976180E-0012
1.0017572260E+0010  8.9848720737E-0012
1.0018518221E+0010  8.8365197444E-0012
1.0019466419E+0010  8.6904676733E-0012
1.0020416874E+0010  8.5466793855E-0012
1.0021369608E+0010  8.4051389188E-0012
1.0022324642E+0010  8.2658104445E-0012
1.0023281994E+0010  8.1286490657E-0012
1.0024241689E+0010  7.9936177267E-0012
1.0025203748E+0010  7.8606947162E-0012
1.0026168193E+0010  7.7298425591E-0012
1.0027135047E+0010  7.6010194172E-0012
1.0028104335E+0010  7.4742170165E-0012
1.0029076079E+0010  7.3493588152E-0012
1.0030050308E+0010  7.2264638968E-0012
1.0031027043E+0010  7.1054740638E-0012
1.0032006312E+0010  6.9863763825E-0012
1.0032988139E+0010  6.8691270657E-0012
1.0033972551E+0010  6.7537082471E-0012
1.0034959576E+0010  6.6400804863E-0012
1.0035949241E+0010  6.5282236450E-0012
1.0036941575E+0010  6.4181091747E-0012
1.0037936606E+0010  6.3097178148E-0012
1.0038934363E+0010  6.2029988960E-0012
1.0039934877E+0010  6.0979572147E-0012
1.0040938177E+0010  5.9945444239E-0012
1.0041944295E+0010  5.8927391941E-0012
1.0042953264E+0010  5.7925232453E-0012
1.0043965115E+0010  5.6938693690E-0012
1.0044979882E+0010  5.5967514648E-0012
1.0045997598E+0010  5.5011497366E-0012
1.0047018298E+0010  5.4070366127E-0012
1.0048042018E+0010  5.3143923322E-0012
1.0049068792E+0010  5.2231897491E-0012
1.0050098657E+0010  5.1334061385E-0012
1.0051131653E+0010  5.0450224345E-0012
1.0052167818E+0010  4.9580252623E-0012
1.0053207188E+0010  4.8723825587E-0012
1.0054249804E+0010  4.7880741314E-0012
1.0055295708E+0010  4.7050835113E-0012
1.0056344941E+0010  4.6233877149E-0012
1.0057397545E+0010  4.5429630226E-0012
1.0058453564E+0010  4.4638042561E-0012
1.0059513041E+0010  4.3858776790E-0012
1.0060576022E+0010  4.3091701923E-0012
1.0061642552E+0010  4.2336646964E-0012
1.0062712679E+0010  4.1593402728E-0012
1.0063786450E+0010  4.0861759018E-0012
1.0064863914E+0010  4.0141579291E-0012
1.0065945123E+0010  3.9432693621E-0012
1.0067030126E+0010  3.8734938324E-0012
1.0068118974E+0010  3.8048134346E-0012
1.0069211722E+0010  3.7372076348E-0012
1.0070308424E+0010  3.6706679265E-0012
1.0071409134E+0010  3.6051695627E-0012
1.0072513909E+0010  3.5406991807E-0012
1.0073622809E+0010  3.4772440157E-0012
1.0074735890E+0010  3.4147877854E-0012
1.0075853215E+0010  3.3533170111E-0012
1.0076974843E+0010  3.2928124296E-0012
1.0078100838E+0010  3.2332624006E-0012
1.0079231265E+0010  3.1746512426E-0012
1.0080366188E+0010  3.1169638279E-0012
1.0081505676E+0010  3.0601879187E-0012
1.0082649797E+0010  3.0043096244E-0012
1.0083798620E+0010  2.9493175002E-0012
1.0084952218E+0010  2.8951942401E-0012
1.0086110663E+0010  2.8419293443E-0012
1.0087274031E+0010  2.7895095963E-0012
1.0088442397E+0010  2.7379230632E-0012
1.0089615839E+0010  2.6871560812E-0012
1.0090794436E+0010  2.6371961720E-0012
1.0091978272E+0010  2.5880321019E-0012
1.0093167428E+0010  2.5396565087E-0012
1.0094361987E+0010  2.4920511708E-0012
1.0095562039E+0010  2.4452060152E-0012
1.0096767671E+0010  2.3991106006E-0012
1.0097978974E+0010  2.3537564559E-0012
1.0099196040E+0010  2.3091258974E-0012
1.0100418965E+0010  2.2652129106E-0012
1.0101647847E+0010  2.2220071655E-0012
1.0102882784E+0010  2.1794983242E-0012
1.0104123876E+0010  2.1376743614E-0012
1.0105371228E+0010  2.0965266035E-0012
1.0106624945E+0010  2.0560457068E-0012
1.0107885135E+0010  2.0162164262E-0012
1.0109151912E+0010  1.9770382334E-0012
1.0110425385E+0010  1.9384937921E-0012
1.0111705673E+0010  1.9005787366E-0012
1.0112992894E+0010  1.8632830754E-0012
1.0114287167E+0010  1.8265978530E-0012
1.0115588617E+0010  1.7905118586E-0012
1.0116897371E+0010  1.7550167999E-0012
1.0118213560E+0010  1.7201066239E-0012
1.0119537315E+0010  1.6857696113E-0012
1.0120868774E+0010  1.6520003252E-0012
1.0122208075E+0010  1.6187888632E-0012
1.0123555361E+0010  1.5861291613E-0012
1.0124910776E+0010  1.5540104008E-0012
1.0126274471E+0010  1.5224270180E-0012
1.0127646598E+0010  1.4913678054E-0012
1.0129027316E+0010  1.4608277208E-0012
1.0130416785E+0010  1.4307997009E-0012
1.0131815169E+0010  1.4012796711E-0012
1.0133222632E+0010  1.3722551275E-0012
1.0134639348E+0010  1.3437261561E-0012
1.0136065488E+0010  1.3156780327E-0012
1.0137501233E+0010  1.2881091332E-0012
1.0138946766E+0010  1.2610065871E-0012
1.0140402278E+0010  1.2343680216E-0012
1.0141867962E+0010  1.2081849471E-0012
1.0143344017E+0010  1.1824501383E-0012
1.0144830649E+0010  1.1571588935E-0012
1.0146328064E+0010  1.1323032769E-0012
1.0147836478E+0010  1.1078784238E-0012
1.0149356111E+0010  1.0838771163E-0012
1.0150887189E+0010  1.0602922751E-0012
1.0152429944E+0010  1.0371208764E-0012
1.0153984612E+0010  1.0143558014E-0012
1.0155551435E+0010  9.9198915638E-0013
1.0157130667E+0010  9.7001775759E-0013
1.0158722562E+0010  9.4843549838E-0013
1.0160327383E+0010  9.2723631116E-0013
1.0161945400E+0010  9.0641443969E-0013
1.0163576891E+0010  8.8596515820E-0013
1.0165222141E+0010  8.6588285184E-0013
1.0166881442E+0010  8.4616224413E-0013
1.0168555093E+0010  8.2679715277E-0013
1.0170243407E+0010  8.0778378457E-0013
1.0171946699E+0010  7.8911796971E-0013
1.0173665292E+0010  7.7079345312E-0013
1.0175399521E+0010  7.5280525456E-0013
1.0177149730E+0010  7.3514769018E-0013
1.0178916276E+0010  7.1781737925E-0013
1.0180699521E+0010  7.0080920722E-0013
1.0182499839E+0010  6.8412011178E-0013
1.0184317611E+0010  6.6774374644E-0013
1.0186153232E+0010  6.5167599971E-0013
1.0188007107E+0010  6.3591156888E-0013
1.0189879659E+0010  6.2044603192E-0013
1.0191771318E+0010  6.0527610105E-0013
1.0193682527E+0010  5.9039681146E-0013
1.0195613744E+0010  5.7580403609E-0013
1.0197565438E+0010  5.6149360391E-0013
1.0199538095E+0010  5.4746045495E-0013
1.0201532216E+0010  5.3370133960E-0013
1.0203548317E+0010  5.2021179625E-0013
1.0205586929E+0010  5.0698716425E-0013
1.0207648605E+0010  4.9402500196E-0013
1.0209733906E+0010  4.8132049987E-0013
1.0211843418E+0010  4.6887058708E-0013
1.0213977738E+0010  4.5667162348E-0013
1.0216137486E+0010  4.4471849915E-0013
1.0218323304E+0010  4.3300811191E-0013
1.0220535854E+0010  4.2153588860E-0013
1.0222775825E+0010  4.1029882423E-0013
1.0225043924E+0010  3.9929365558E-0013
1.0227340881E+0010  3.8851620662E-0013
1.0229667454E+0010  3.7796269951E-0013
1.0232024429E+0010  3.6763039130E-0013
1.0234412615E+0010  3.5751463374E-0013
1.0236832855E+0010  3.4761261267E-0013
1.0239286021E+0010  3.3792133773E-0013
1.0241773013E+0010  3.2843739638E-0013
1.0244294761E+0010  3.1915769193E-0013
1.0246852232E+0010  3.1007881099E-0013
1.0249446426E+0010  3.0119675162E-0013
1.0252078389E+0010  2.9250876764E-0013
1.0254749202E+0010  2.8401106489E-0013
1.0257459993E+0010  2.7570119021E-0013
1.0260211929E+0010  2.6757581398E-0013
1.0263006224E+0010  2.5963200615E-0013
1.0265844139E+0010  2.5186649013E-0013
1.0268726990E+0010  2.4427591822E-0013
1.0271656150E+0010  2.3685798789E-0013
1.0274633041E+0010  2.2960962363E-0013
1.0277659145E+0010  2.2252810789E-0013
1.0280736009E+0010  2.1561072123E-0013
1.0283865239E+0010  2.0885407400E-0013
1.0287048522E+0010  2.0225557411E-0013
1.0290287615E+0010  1.9581196083E-0013
1.0293584364E+0010  1.8952065168E-0013
1.0296940694E+0010  1.8337929089E-0013
1.0300358616E+0010  1.7738482627E-0013
1.0303840241E+0010  1.7153516814E-0013
1.0307387770E+0010  1.6582736880E-0013
1.0311003517E+0010  1.6025900597E-0013
1.0314689906E+0010  1.5482780008E-0013
1.0318449474E+0010  1.4953095253E-0013
1.0322284896E+0010  1.4436679854E-0013
1.0326198958E+0010  1.3933205471E-0013
1.0330194616E+0010  1.3442486352E-0013
1.0334274964E+0010  1.2964223466E-0013
1.0338443278E+0010  1.2498236275E-0013
1.0342702999E+0010  1.2044299438E-0013
1.0347057752E+0010  1.1602222656E-0013
1.0351511350E+0010  1.1171824626E-0013
1.0356067805E+0010  1.0752848582E-0013
1.0360731369E+0010  1.0345126092E-0013
1.0365506517E+0010  9.9484230403E-0014
1.0370397998E+0010  9.5626145007E-0014
1.0375410795E+0010  9.1874640599E-0014
1.0380550203E+0010  8.8228028863E-0014
1.0385821815E+0010  8.4684245949E-0014
1.0391231571E+0010  8.1241861138E-0014
1.0396785741E+0010  7.7899527819E-0014
1.0402490940E+0010  7.4655772441E-0014
1.0408354159E+0010  7.1508570271E-0014
1.0414382839E+0010  6.8456149035E-0014
1.0420584880E+0010  6.5497065961E-0014
1.0426968657E+0010  6.2630287078E-0014
1.0433542999E+0010  5.9853697926E-0014
1.0440317340E+0010  5.7166386377E-0014
1.0447301623E+0010  5.4566760183E-0014
1.0454506416E+0010  5.2053774382E-0014
1.0461942875E+0010  4.9626337226E-0014
1.0469622774E+0010  4.7282630477E-0014
1.0477558658E+0010  4.5021153656E-0014
1.0485763840E+0010  4.2841190432E-0014
1.0494252297E+0010  4.0740876904E-0014
1.0503038920E+0010  3.8718750768E-0014
1.0512139483E+0010  3.6773843384E-0014
1.0521570573E+0010  3.4904346483E-0014
1.0531349820E+0010  3.3108558462E-0014
1.0541495937E+0010  3.1384773701E-0014
1.0552028793E+0010  2.9731362190E-0014
1.0562969451E+0010  2.8147099992E-0014
1.0574340072E+0010  2.6630247552E-0014
1.0586164141E+0010  2.5178511749E-0014
1.0598466806E+0010  2.3790131013E-0014
1.0611274779E+0010  2.2463352357E-0014
1.0624616424E+0010  2.1195912864E-0014
1.0638522191E+0010  1.9985970993E-0014
1.0653024563E+0010  1.8832738858E-0014
1.0668157374E+0010  1.7735779120E-0014
1.0683955318E+0010  1.6694516767E-0014
1.0700453690E+0010  1.5709047499E-0014
1.0717687169E+0010  1.4778580331E-0014
1.0735689935E+0010  1.3901585633E-0014
1.0754495894E+0010  1.3076202987E-0014
1.0774138652E+0010  1.2298852518E-0014
1.0794653945E+0010  1.1566030527E-0014
1.0816080262E+0010  1.0873666125E-0014
1.0838460970E+0010  1.0217587395E-0014
1.0861846357E+0010  9.5944580131E-0015
1.0886293995E+0010  9.0005549300E-0015
1.0911872155E+0010  8.4339612511E-0015
1.0938657661E+0010  7.8919277244E-0015
1.0966740879E+0010  7.3735887278E-0015
1.0996222299E+0010  6.8770967982E-0015
1.1027218652E+0010  6.4016323293E-0015
1.1059862067E+0010  5.9462081128E-0015
1.1094304111E+0010  5.5101797318E-0015
1.1130717957E+0010  5.0934991960E-0015
1.1169298380E+0010  4.6955862644E-0015
1.1210269444E+0010  4.3160859924E-0015
1.1253888566E+0010  3.9539815196E-0015
1.1300460998E+0010  3.6098053441E-0015
1.1350332260E+0010  3.2836452781E-0015
1.1403899247E+0010  2.9749323353E-0015
1.1461631027E+0010  2.6829082538E-0015
1.1524092066E+0010  2.4074760869E-0015
1.1591952879E+0010  2.1488176249E-0015
1.1666005774E+0010  1.9068830363E-0015
1.1747198233E+0010  1.6819944632E-0015
1.1836649013E+0010  1.4730095692E-0015
1.1935769220E+0010  1.2809897205E-0015
1.2046196318E+0010  1.1036108420E-0015
1.2170142771E+0010  9.4243376657E-0016
1.2310184589E+0010  7.9690325003E-0016
1.2469559323E+0010  6.6687097996E-0016
1.2652264052E+0010  5.5200561811E-0016
1.2863232289E+0010  4.5192772166E-0016
1.3108461934E+0010  3.6592751423E-0016
1.3395214992E+0010  2.9254707351E-0016
1.3732778686E+0010  2.3118447200E-0016
1.4131975760E+0010  1.8160069135E-0016
1.4603148870E+0010  1.4167086147E-0016
1.5158287348E+0010  1.1065615623E-0016
1.5805675827E+0010  8.6928918779E-0017
1.6549819629E+0010  6.9106025077E-0017
1.7388664241E+0010  5.5839160361E-0017
1.8313617272E+0010  4.5981756583E-0017
1.9310850219E+0010  3.8598094248E-0017
2.0364259875E+0010  3.2983851961E-0017
2.1458116994E+0010  2.8638150320E-0017
2.2578554606E+0010  2.5204369675E-0017
2.3714450410E+0010  2.2455365367E-0017
2.4856426773E+0010  2.0203255882E-0017
2.5998076619E+0010  1.8340536349E-0017
2.7134055558E+0010  1.6772344544E-0017
2.8260854726E+0010  1.5447247222E-0017
2.9375208254E+0010  1.4308662570E-0017
3.0475254017E+0010  1.3321931769E-0017
3.1559647830E+0010  1.2465458870E-0017
3.2627005064E+0010  1.1715205906E-0017
3.3676464742E+0010  1.1050633074E-0017
3.4707728740E+0010  1.0464995139E-0017
3.5720056859E+0010  9.9433657264E-0018
3.6713214984E+0010  9.4756764635E-0018
3.7687187117E+0010  9.0562062406E-0018
3.8641872524E+0010  8.6791099519E-0018
3.9577202251E+0010  8.3351493888E-0018
4.0493596201E+0010  8.0247645453E-0018
4.1390995513E+0010  7.7445022480E-0018
4.2269346271E+0010  7.4858171863E-0018
4.3129227575E+0010  7.2510733749E-0018
4.3970660594E+0010  7.0375138260E-0018
4.4793733246E+0010  6.8406092511E-0018
4.5598838412E+0010  6.6618058064E-0018
4.6386004150E+0010  6.4993961928E-0018
4.7155291605E+0010  6.3505958517E-0018
4.7906941470E+0010  6.2162107180E-0018
4.8640968697E+0010  6.0954743228E-0018
4.9357369872E+0010  5.9860066488E-0018
5.0056324704E+0010  5.8876511205E-0018
5.0737944839E+0010  5.8005430203E-0018
5.1402255953E+0010  5.7232692816E-0018
5.2049386606E+0010  5.6546380134E-0018
5.2679545597E+0010  5.5939182622E-0018
5.3292972739E+0010  5.5403225687E-0018
5.3889948460E+0010  5.4927857382E-0018
5.4470824213E+0010  5.4507201543E-0018
5.5035971096E+0010  5.4136533633E-0018
5.5585769034E+0010  5.3808257804E-0018
5.6120637033E+0010  5.3515676277E-0018
5.6641022242E+0010  5.3254549427E-0018
5.7147375162E+0010  5.3021594513E-0018
5.7640141446E+0010  5.2812428040E-0018
5.8119772946E+0010  5.2621439536E-0018
5.8586737975E+0010  5.2446007715E-0018
5.9041494333E+0010  5.2286542452E-0018
5.9484464593E+0010  5.2142571246E-0018
5.9916046874E+0010  5.2013444720E-0018
6.0336619001E+0010  5.1897376810E-0018
6.0746548866E+0010  5.1792274417E-0018
6.1146197961E+0010  5.1697185159E-0018
6.1535913005E+0010  5.1612203171E-0018
6.1916019564E+0010  5.1537187228E-0018
6.2286825561E+0010  5.1471919622E-0018
6.2648623272E+0010  5.1416178857E-0018
6.3001690660E+0010  5.1368837791E-0018
6.3346298444E+0010  5.1328637934E-0018
6.3682711585E+0010  5.1294738060E-0018
6.4011186590E+0010  5.1266206703E-0018
6.4331972893E+0010  5.1242262176E-0018
6.4645312025E+0010  5.1222257335E-0018
6.4951437475E+0010  5.1205684664E-0018
6.5250574237E+0010  5.1191530787E-0018
6.5542942141E+0010  5.1178513848E-0018
6.5828757740E+0010  5.1165268261E-0018
6.6108234547E+0010  5.1150641220E-0018
6.6381582016E+0010  5.1133590368E-0018
6.6649005044E+0010  5.1113459446E-0018
6.6910702098E+0010  5.1089946794E-0018
6.7166863847E+0010  5.1062826018E-0018
6.7417673187E+0010  5.1031765188E-0018
6.7663306293E+0010  5.0996235131E-0018
6.7903933731E+0010  5.0955766566E-0018
6.8139720673E+0010  5.0909915707E-0018
6.8370827044E+0010  5.0858204254E-0018
6.8597407692E+0010  5.0800338965E-0018
6.8819612199E+0010  5.0736102038E-0018
6.9037584589E+0010  5.0665407651E-0018
6.9251463155E+0010  5.0588166665E-0018
6.9461380826E+0010  5.0504326642E-0018
6.9667465315E+0010  5.0413890331E-0018
6.9869839137E+0010  5.0316930383E-0018
7.0068619657E+0010  5.0213584358E-0018
7.0263919115E+0010  5.0104004031E-0018
7.0455844893E+0010  4.9988363745E-0018
7.0644499688E+0010  4.9866862973E-0018
7.0829981584E+0010  4.9739806544E-0018
7.1012384066E+0010  4.9607630775E-0018
7.1191795626E+0010  4.9470717916E-0018
7.1368300368E+0010  4.9329458872E-0018
7.1541978162E+0010  4.9184199023E-0018
7.1712904849E+0010  4.9035345656E-0018
7.1881152576E+0010  4.8883234283E-0018
7.2046789864E+0010  4.8728229305E-0018
7.2209881906E+0010  4.8570669014E-0018
7.2370490694E+0010  4.8410897194E-0018
7.2528675289E+0010  4.8249232579E-0018
7.2684491845E+0010  4.8085961157E-0018
7.2837993942E+0010  4.7921370121E-0018
7.2989232776E+0010  4.7755782532E-0018
7.3138257019E+0010  4.7589533309E-0018
7.3285112931E+0010  4.7422966188E-0018
7.3429844424E+0010  4.7256437763E-0018
7.3572493195E+0010  4.7090286070E-0018
7.3713098791E+0010  4.6924817053E-0018
7.3851698784E+0010  4.6760337601E-0018
7.3988328925E+0010  4.6597137909E-0018
7.4123023215E+0010  4.6435491208E-0018
7.4255814063E+0010  4.6275638202E-0018
7.4386732358E+0010  4.6117802922E-0018
7.4515807642E+0010  4.5962186032E-0018
7.4643068231E+0010  4.5808954459E-0018
7.4768541345E+0010  4.5658219734E-0018
7.4892253297E+0010  4.5510063194E-0018
7.5014229565E+0010  4.5364523670E-0018
7.5134495006E+0010  4.5221597659E-0018
7.5253073988E+0010  4.5081224141E-0018
7.5369990430E+0010  4.4943363200E-0018
7.5485268030E+0010  4.4807964938E-0018
7.5598929905E+0010  4.4674947002E-0018
7.5710999107E+0010  4.4544174829E-0018
7.5821498402E+0010  4.4415507469E-0018
7.5930450516E+0010  4.4288796276E-0018
7.6037878108E+0010  4.4163826785E-0018
7.6143803801E+0010  4.4040384337E-0018
7.6248250326E+0010  4.3918264168E-0018
7.6351240370E+0010  4.3797282809E-0018
7.6452796663E+0010  4.3677152336E-0018
7.6552941981E+0010  4.3557555239E-0018
7.6651699458E+0010  4.3438158057E-0018
7.6749092445E+0010  4.3318609800E-0018
7.6845144526E+0010  4.3198546287E-0018
7.6939879635E+0010  4.3077614612E-0018
7.7033321850E+0010  4.2955532947E-0018
7.7125495339E+0010  4.2832030422E-0018
7.7216424359E+0010  4.2706855575E-0018
7.7306133042E+0010  4.2579760755E-0018
7.7394645501E+0010  4.2450600257E-0018
7.7481985687E+0010  4.2319284986E-0018
7.7568177037E+0010  4.2185763936E-0018
7.7653242683E+0010  4.2050081146E-0018
7.7737205110E+0010  4.1912353596E-0018
7.7820085991E+0010  4.1772784324E-0018
7.7901906276E+0010  4.1631584737E-0018
7.7982685887E+0010  4.1489086453E-0018
7.8062443791E+0010  4.1345633334E-0018
7.8141197849E+0010  4.1201706057E-0018
7.8218964714E+0010  4.1057826933E-0018
7.8295759595E+0010  4.0914590164E-0018
7.8371596481E+0010  4.0772756608E-0018
7.8446487605E+0010  4.0632967258E-0018
7.8520443799E+0010  4.0495812439E-0018
7.8593474789E+0010  4.0361813539E-0018
7.8665589083E+0010  4.0231439891E-0018
7.8736794338E+0010  4.0104999447E-0018
7.8807097601E+0010  3.9982796788E-0018
7.8876505334E+0010  3.9865152655E-0018
7.8945023410E+0010  3.9752287611E-0018
7.9012657309E+0010  3.9644354582E-0018
7.9079412206E+0010  3.9541520602E-0018
7.9145293163E+0010  3.9444003753E-0018
7.9210304776E+0010  3.9351847757E-0018
7.9274451638E+0010  3.9265258002E-0018
7.9337738123E+0010  3.9184688936E-0018
7.9400167884E+0010  3.9110070989E-0018
7.9461744838E+0010  3.9041534944E-0018
7.9522472768E+0010  3.8979354154E-0018
7.9582355112E+0010  3.8923809063E-0018
7.9641395104E+0010  3.8875600951E-0018
7.9699594957E+0010  3.8835271183E-0018
7.9756956367E+0010  3.8803353320E-0018
7.9813480485E+0010  3.8780973451E-0018
7.9869167074E+0010  3.8769328635E-0018
7.9924014551E+0010  3.8770166268E-0018
7.9978019446E+0010  3.8786255171E-0018
8.0031174886E+0010  3.8819799869E-0018
8.0083471945E+0010  3.8873141589E-0018
8.0134899408E+0010  3.8947629272E-0018
8.0185445518E+0010  3.9044231112E-0018
8.0235098621E+0010  3.9162443234E-0018
8.0283848970E+0010  3.9300044764E-0018
8.0331690936E+0010  3.9452595984E-0018
8.0378625283E+0010  3.9612790638E-0018
8.0424662112E+0010  3.9767974162E-0018
8.0469826063E+0010  3.9905016434E-0018
8.0514155473E+0010  4.0002063135E-0018
8.0557710681E+0010  4.0033710303E-0018
8.0600576113E+0010  3.9984114753E-0018
8.0642849192E+0010  3.9846594601E-0018
8.0684630725E+0010  3.9669924510E-0018
8.0725968204E+0010  3.9618339830E-0018
8.0766738512E+0010  3.9944579599E-0018
8.0806569942E+0010  4.1192952303E-0018
8.0844616855E+0010  4.3953382006E-0018
8.0879743274E+0010  4.5353902475E-0018
8.0913279906E+0010  3.4930424457E-0018
8.0956173966E+0010  3.7451589068E-0018
